from_id;to_id;walk_t;walk_d;pt_r_tt;pt_r_t;pt_r_d;pt_m_tt;pt_m_t;pt_m_d;car_r_t;car_r_d;car_m_t;car_m_d
5885487;5976964;326;22803;80;72;27323;79;71;27326;39;29026;34;29026
5885488;5976964;330;23077;78;68;27307;79;73;27966;39;28753;34;28753
5885489;5976964;330;23072;75;72;27828;80;70;27832;38;28002;33;28002
5885490;5976964;333;23331;79;71;28016;81;73;28091;39;28497;33;28497
5885491;5976964;336;23513;75;68;26356;78;74;26457;37;28186;32;28186
5885492;5976964;344;24063;75;69;28357;77;66;28342;38;28554;32;28554
5885493;5976964;346;24186;72;67;28163;76;64;28148;39;28889;33;28889
5885494;5976964;348;24369;72;65;28048;73;69;28046;39;29170;34;29170
5885495;5976964;348;24344;71;62;27822;72;59;27807;40;29575;35;29575
5885496;5976964;351;24583;73;65;28012;75;62;27996;41;30223;35;30223
5885497;5976964;353;24680;73;65;28036;75;62;28021;41;30150;35;30150
5885498;5976964;356;24934;73;65;28012;75;62;27997;40;30397;35;30397
5885499;5976964;359;25149;73;66;27980;77;66;28318;43;30714;37;30714
5885500;5976964;362;25359;73;64;27877;78;68;27874;45;32671;39;32671
5885501;5976964;368;25729;69;58;27410;78;62;27407;43;32385;37;32385
5885502;5976964;370;25914;75;61;27664;78;65;27661;45;32230;39;32230
5885503;5976964;374;26171;73;61;27228;78;62;27225;43;31944;37;31944
5885504;5976964;377;26400;72;60;27663;77;61;27660;42;31961;36;31961
5885505;5976964;387;27073;78;64;27930;78;65;27926;44;32238;38;32238
5885506;5976964;386;26988;76;66;28023;80;67;28020;44;32637;38;32617
5885507;5976964;387;27075;79;68;28731;79;65;28730;46;32784;40;32763
5885508;5976964;395;27658;77;66;27880;78;62;27880;45;32811;39;32811
5885509;5976964;395;27660;76;66;28553;78;62;28554;44;32857;38;32857
5885510;5976964;404;28294;73;67;28587;80;71;28711;48;33768;41;33768
5885511;5976964;403;28202;71;65;28441;76;69;28564;50;33776;43;33776
5885512;5976964;407;28473;73;66;29202;79;70;29326;51;34232;44;34232
5885513;5976964;407;28466;68;62;28881;74;66;29005;49;34225;42;34225
5885514;5976964;409;28640;75;67;29263;80;71;29387;50;34659;43;34659
5885515;5976964;412;28871;79;73;29612;81;75;29612;52;34856;45;34856
5885516;5976964;425;29752;85;75;33693;90;74;30966;52;36280;45;36713
5885517;5976964;432;30234;96;83;31793;101;86;31803;50;35875;43;36309
5885518;5976964;431;30200;96;82;32137;102;85;32147;52;36343;46;36777
5885519;5976964;450;31476;104;90;32656;102;93;32666;53;36650;47;37083
5885520;5976964;451;31558;104;91;32739;102;94;32748;54;37108;47;37541
5885521;5976964;456;31912;112;98;34884;104;99;33102;52;37210;45;37643
5885522;5976964;450;31514;106;82;33125;103;94;35008;53;37499;46;37932
5885523;5976964;452;31659;109;84;33269;102;96;35153;54;37698;47;38131
5885524;5976964;457;32004;117;87;34603;105;99;36486;54;37989;47;38422
5885525;5976964;460;32224;110;83;34348;102;95;36231;54;38213;47;38646
5885526;5976964;464;32493;110;80;34164;102;92;36048;56;38549;49;38982
5885527;5976964;470;32886;112;81;34234;102;93;36118;59;39171;52;39604
5885528;5976964;473;33076;114;84;34424;102;96;36308;51;38908;45;38908
5885529;5976964;498;34827;102;82;34096;96;81;33932;48;38762;41;38762
5885531;5976964;498;34847;108;90;34688;96;89;34524;49;38747;43;38747
5885532;5976964;499;34897;109;91;34738;96;90;34574;52;38996;46;38996
5885533;5976964;501;35103;112;91;34949;100;93;34780;55;39179;48;39179
5885534;5976964;504;35267;124;115;36634;-1;-1;-1;54;38817;48;38817
5885535;5976964;503;35194;124;114;36562;-1;-1;-1;56;39080;50;39080
5885536;5976964;502;35158;124;114;36525;-1;-1;-1;55;39021;49;39021
5885537;5976964;506;35445;127;115;34876;-1;-1;-1;57;41677;50;41677
5885538;5976964;514;35984;117;95;36058;108;97;41061;54;41464;47;41464
5885539;5976964;509;35626;111;95;35898;108;94;40902;55;41748;48;41748
5885540;5976964;511;35780;117;94;36015;108;96;41018;57;41762;50;41762
5885541;5976964;513;35904;123;101;36522;106;103;41526;60;42808;52;42808
5885542;5976964;527;36885;128;103;37870;-1;-1;-1;57;42756;50;42756
5887225;5976964;303;21186;84;70;25296;79;67;26564;41;24417;36;24417
5887226;5976964;298;20842;81;68;24235;79;66;22572;39;23991;34;23991
5887227;5976964;293;20542;79;63;23935;76;61;22272;38;23716;34;23716
5887228;5976964;289;20208;74;59;23601;74;57;21937;37;23378;32;23378
5887229;5976964;287;20077;78;60;23688;74;58;22024;37;23378;33;23378
5887230;5976964;283;19815;79;64;23967;76;62;22303;37;22965;33;22965
5887231;5976964;285;19983;81;66;23508;77;64;21844;36;22983;32;22983
5887232;5976964;284;19869;79;64;23394;77;62;21730;38;23509;34;23198
5887233;5976964;275;19277;83;70;23833;82;68;22170;35;22721;31;22721
5887234;5976964;272;19042;84;72;23934;85;70;22271;36;22584;32;22584
5887235;5976964;273;19102;89;74;22695;91;72;21031;35;22695;32;22695
5887236;5976964;281;19649;94;82;23242;97;80;21579;38;23233;34;23233
5887237;5976964;260;18211;97;87;22049;101;85;20385;37;23715;32;23715
5887238;5976964;257;18002;95;84;21839;98;82;20176;37;23496;33;23496
5887239;5976964;262;18308;99;88;22145;101;86;20482;39;23834;35;23834
5887240;5976964;267;18668;104;93;22506;102;91;20842;39;24147;35;24147
5887241;5976964;269;18828;104;96;22666;102;94;21002;42;24647;38;24647
5887242;5976964;271;18996;93;68;20695;91;65;20695;42;24349;37;24349
5887243;5976964;269;18798;89;65;20497;88;62;20497;42;24329;37;24329
5887244;5976964;259;18132;84;63;20326;88;60;20326;40;24083;35;24083
5887245;5976964;255;17816;84;61;20162;91;58;20162;40;23394;36;23394
5887246;5976964;258;18056;89;64;20421;88;61;20421;43;23429;39;23429
5887247;5976964;-1;-1;-1;-1;-1;-1;-1;-1;46;23438;42;23438
5887248;5976964;267;18674;109;87;19718;102;94;19921;47;23267;43;23267
5887249;5976964;266;18619;107;86;19663;102;94;19866;45;23293;41;23293
5887250;5976964;258;18077;98;78;19121;100;86;19324;46;23956;42;23956
5887251;5976964;254;17777;98;74;18821;99;82;19024;47;24025;42;24025
5887252;5976964;256;17900;98;76;18944;100;83;19147;46;24134;42;24134
5887253;5976964;252;17607;93;72;18651;99;79;18854;47;22189;42;22189
5887254;5976964;246;17242;89;66;18286;93;74;18489;49;23430;44;23430
5887255;5976964;250;17477;93;70;18521;99;77;18724;42;21434;38;21434
5887256;5976964;242;16971;82;66;18126;80;59;18126;41;21637;36;21637
5887257;5976964;239;16730;78;63;17885;74;56;17885;39;21411;34;21411
5887258;5976964;239;16758;78;59;17628;74;52;17628;39;21253;34;21253
5887259;5976964;239;16698;78;56;17421;71;49;17421;39;23528;34;23528
5887260;5976964;241;16850;78;58;17572;74;51;17572;38;23066;33;23066
5887261;5976964;244;17090;78;56;17908;71;49;17908;37;22793;33;22793
5887262;5976964;245;17164;78;57;18017;74;50;18017;36;22506;32;22506
5887263;5976964;240;16828;78;61;18242;74;53;18938;35;22271;31;22271
5887264;5976964;237;16600;82;64;18479;74;50;18710;35;22002;31;22002
5887265;5976964;237;16602;87;58;18795;74;51;18794;36;22099;32;22099
5887266;5976964;236;16503;92;76;20014;79;59;19937;38;22325;33;22325
5887267;5976964;235;16428;92;75;19939;79;58;19862;37;21782;33;21782
5887268;5976964;238;16664;94;80;21611;85;62;20097;37;22757;33;22757
5887269;5976964;244;17097;89;73;20024;88;73;24412;37;22574;33;22574
5887270;5976964;240;16815;83;69;19742;84;65;23927;37;22249;32;22249
5887271;5976964;236;16513;79;64;19440;79;60;23625;35;21925;31;21925
5887272;5976964;232;16233;79;60;19160;74;57;23371;36;21765;32;21765
5887273;5976964;237;16563;79;63;20201;81;61;23344;36;21940;31;21940
5887274;5976964;240;16783;79;64;19298;81;65;23565;36;22565;32;22565
5887275;5976964;236;16485;82;71;18537;88;74;19234;38;23038;34;23038
5887276;5976964;236;16489;82;71;18541;88;74;19238;41;23241;36;23241
5887277;5976964;250;17502;91;80;23416;91;78;23213;37;24222;33;24222
5887278;5976964;245;17165;84;71;22220;84;66;20758;35;23392;31;23392
5887279;5976964;242;16924;83;67;21978;81;62;20517;35;23154;31;23154
5887280;5976964;241;16871;79;65;21839;79;61;20399;35;23002;31;23002
5887281;5976964;244;17115;84;66;21509;84;64;21306;35;22821;31;22821
5887282;5976964;244;17096;84;64;21199;80;62;20996;34;22653;31;22653
5887283;5976964;247;17286;84;64;21249;80;63;21046;37;23200;34;23200
5887284;5976964;241;16874;87;72;21768;88;70;21565;36;23188;31;23188
5887285;5976964;241;16866;90;75;21977;88;73;21774;34;22752;29;22752
5887286;5976964;222;15546;82;63;20694;85;75;21570;34;22617;30;22617
5887287;5976964;225;15778;86;66;20932;89;79;27437;34;22884;30;22884
5887288;5976964;229;15996;87;70;21149;90;78;27318;36;23166;32;23166
5887289;5976964;224;15662;87;69;21850;90;81;22726;33;23132;29;23132
5887290;5976964;224;15709;87;70;21897;90;82;22773;35;23392;31;23392
5887291;5976964;220;15365;80;72;21132;85;72;26217;37;24066;33;21401
5887292;5976964;219;15336;80;71;21100;84;71;26184;35;23942;31;21278
5887293;5976964;221;15485;85;74;23651;86;75;26480;37;24608;32;24608
5887294;5976964;223;15637;78;73;23158;85;71;20836;36;24455;31;24455
5887295;5976964;225;15772;85;68;23264;85;74;20786;36;24496;31;21745
5887296;5976964;225;15770;76;65;23061;82;72;27352;37;24991;31;22240
5887297;5976964;227;15889;85;80;23661;83;76;23614;37;26960;32;26993
5887298;5976964;229;16011;84;75;24631;81;72;23353;42;27448;36;25151
5887299;5976964;231;16200;77;73;24040;76;69;27468;38;27194;32;24897
5887300;5976964;234;16378;75;66;25987;74;67;25857;39;25481;33;25481
5887301;5976964;238;16650;69;60;25578;71;61;25448;38;23949;33;23949
5887302;5976964;239;16727;64;57;25389;66;58;25260;35;24186;30;24186
5887303;5976964;239;16746;63;55;25278;64;56;25149;33;23527;28;23527
5887304;5976964;240;16783;66;58;25445;66;59;25316;36;23223;31;23223
5887305;5976964;242;16911;71;60;24825;67;56;24822;32;22909;27;22909
5887306;5976964;242;16910;74;54;24440;63;50;24438;30;23024;26;23024
5887307;5976964;244;17103;74;59;24754;66;55;24751;31;23392;27;22824
5887308;5976964;246;17248;77;64;25137;73;60;25134;34;24611;29;23576
5887309;5976964;251;17582;80;69;25483;75;65;25480;38;24978;33;23942
5887310;5976964;255;17850;91;82;27933;97;85;28361;36;24623;31;24623
5887311;5976964;255;17869;101;92;25781;97;93;28935;39;24722;34;24722
5887312;5976964;263;18408;91;82;27960;97;85;28388;37;25317;32;25317
5887313;5976964;258;18038;92;83;28012;97;86;28440;37;25674;32;25674
5887314;5976964;260;18233;84;79;30284;89;77;28735;40;27705;35;27705
5887315;5976964;260;18192;78;76;29916;81;72;28286;41;27652;35;27652
5887316;5976964;264;18480;80;75;28767;85;74;28842;41;27882;35;27882
5887317;5976964;266;18603;79;74;28676;84;73;28674;42;28189;37;28189
5887318;5976964;270;18884;79;72;28698;82;76;28614;43;28477;37;28477
5887319;5976964;276;19313;77;71;28842;80;74;28280;44;30099;38;30099
5887320;5976964;279;19497;80;74;28451;85;76;28447;43;29729;37;29729
5887321;5976964;287;20115;81;74;27992;85;75;27988;43;29672;37;29672
5887322;5976964;286;20050;79;73;27927;83;74;27924;43;29609;37;29609
5887323;5976964;290;20322;83;77;28199;87;78;28196;46;30007;40;30007
5887324;5976964;303;21210;77;70;25848;82;75;25848;41;28385;35;28385
5887325;5976964;296;20700;74;64;25455;76;69;25455;41;25698;36;25698
5887326;5976964;293;20536;69;62;25136;72;60;25136;39;25478;34;25478
5887327;5976964;298;20835;72;65;25370;73;60;23226;38;26089;32;26089
5887328;5976964;302;21130;72;66;25125;75;57;22962;37;25802;32;25802
5887329;5976964;301;21050;69;61;25825;75;52;22646;36;25088;31;25088
5887330;5976964;305;21339;72;64;23966;76;56;22958;34;24970;29;24970
5887331;5976964;306;21452;69;59;23647;75;52;22638;35;25359;30;25359
5887332;5976964;311;21790;75;63;23888;76;55;22879;37;25699;32;25699
5887333;5976964;316;22100;79;67;24197;76;60;23188;41;25977;37;25977
5887334;5976964;317;22186;78;68;26824;77;67;26827;45;26988;39;27712
5887335;5976964;320;22401;79;67;26740;79;66;26744;41;29321;35;29321
5887336;5976964;323;22640;78;68;27001;78;67;27005;40;29331;35;29331
5887337;5976964;325;22727;79;71;27657;74;69;27661;38;28434;33;28434
5887338;5976964;326;22831;78;70;27591;74;68;27595;39;28255;34;28255
5887339;5976964;330;23116;78;65;26669;74;66;26669;39;28459;33;28459
5887340;5976964;335;23470;72;67;26293;73;68;26533;40;29295;34;29295
5887341;5976964;340;23806;68;63;26021;73;69;26018;39;28879;34;28879
5887342;5976964;343;24042;69;65;26163;72;66;26145;39;29004;34;29004
5887343;5976964;344;24103;70;66;25918;70;67;25919;40;29372;35;29372
5887344;5976964;345;24174;72;67;26015;72;66;26120;38;29231;33;29231
5887345;5976964;353;24724;76;68;28224;77;65;28209;39;29686;34;29692
5887346;5976964;349;24460;75;69;28351;76;66;28335;39;30052;34;30052
5887347;5976964;354;24812;75;68;28259;77;65;28243;40;30424;35;30424
5887348;5976964;356;24952;77;66;28007;77;67;28370;44;30777;38;30777
5887349;5976964;362;25348;75;60;27594;78;64;27592;43;30945;37;30945
5887350;5976964;365;25546;70;57;27380;79;61;27378;43;32162;37;32162
5887351;5976964;367;25658;69;57;27108;78;61;27105;43;31948;37;31948
5887352;5976964;371;25963;73;59;27046;77;60;27043;43;32169;38;32169
5887353;5976964;374;26194;71;57;26952;75;58;26948;43;31797;37;31776
5887354;5976964;379;26537;74;62;27289;77;63;27286;43;32112;37;32112
5887355;5976964;382;26705;72;65;27480;76;67;31301;43;32322;37;32301
5887356;5976964;390;27292;76;68;28002;77;64;28002;45;32650;40;32650
5887357;5976964;391;27370;73;63;27645;76;59;27646;44;32621;38;32621
5887358;5976964;392;27416;72;62;27653;76;59;27653;49;32978;43;32978
5887359;5976964;399;27910;70;64;28397;74;67;28229;46;33387;40;33387
5887360;5976964;399;27954;68;61;28150;73;65;28273;48;33608;42;33608
5887361;5976964;403;28200;69;64;28673;75;68;28797;49;34146;42;34146
5887362;5976964;404;28298;71;64;28725;76;68;28849;48;33981;41;33981
5887363;5976964;408;28542;75;68;29308;79;72;29432;52;34613;45;34613
5887364;5976964;412;28813;80;74;29368;85;76;29369;57;35116;50;35116
5887365;5976964;421;29486;88;73;31047;89;76;31056;50;35860;43;36294
5887366;5976964;426;29810;91;77;31370;96;80;31380;50;35820;43;36253
5887367;5976964;431;30202;96;83;31762;102;86;31771;51;36221;44;36655
5887368;5976964;436;30514;100;83;33226;103;90;32084;51;36462;44;36895
5887369;5976964;442;30935;99;80;33011;102;92;34895;53;37026;46;37460
5887370;5976964;445;31131;97;76;32741;102;88;34624;53;37111;46;37544
5887371;5976964;447;31286;102;78;32897;103;90;34780;55;37497;48;37930
5887372;5976964;456;31918;121;91;33785;105;103;35668;55;37864;48;38297
5887373;5976964;458;32084;121;90;34813;105;102;36697;55;38090;48;38523
5887374;5976964;462;32349;124;90;34870;105;102;36754;55;38342;48;38775
5887375;5976964;466;32649;110;81;34186;102;93;36070;56;38717;49;39150
5887376;5976964;469;32831;112;81;34180;102;93;36064;57;38776;50;39209
5887377;5976964;496;34719;102;82;34120;96;81;33956;49;38759;42;38759
5887378;5976964;492;34464;101;78;33865;95;77;33701;47;38372;41;38372
5887379;5976964;492;34469;101;77;33738;95;76;33575;48;38503;42;38503
5887380;5976964;494;34580;104;84;34426;100;85;34256;49;38626;43;38626
5887381;5976964;498;34849;108;90;34690;96;89;34526;52;38990;46;38990
5887382;5976964;501;35081;109;91;34927;100;92;34758;52;38579;46;38579
5887383;5976964;497;34790;118;108;36157;-1;-1;-1;51;38570;45;38570
5887384;5976964;498;34863;121;110;36230;-1;-1;-1;53;38893;47;38893
5887385;5976964;500;34975;123;111;36342;-1;-1;-1;53;38915;47;38915
5887386;5976964;507;35521;130;119;36888;-1;-1;-1;56;41561;49;41561
5887387;5976964;507;35484;120;100;36410;106;102;41414;54;41438;47;41438
5887388;5976964;504;35299;114;98;36112;108;97;41116;54;41285;47;41285
5887389;5976964;509;35636;123;98;36255;106;100;41258;56;41696;48;41696
5887390;5976964;513;35885;123;101;36503;106;103;41507;58;42693;50;42693
5889073;5976964;300;20968;84;71;24466;82;69;22803;39;24157;34;24157
5889074;5976964;298;20866;81;68;24258;79;66;22595;40;24078;35;24078
5889075;5976964;296;20719;81;66;24112;77;64;22448;40;23878;36;23878
5889076;5976964;291;20401;78;61;23794;76;59;22131;39;23573;35;23573
5889077;5976964;287;20066;78;61;23788;76;59;22124;38;23251;34;23251
5889078;5976964;281;19655;78;61;23164;76;59;21501;36;22849;31;22849
5889079;5976964;279;19506;78;59;23016;74;57;21352;36;22689;31;22689
5889080;5976964;278;19431;79;63;23303;77;61;21640;36;22960;32;22960
5889081;5976964;274;19203;81;67;23563;77;65;21900;36;22780;32;22780
5889082;5976964;269;18850;83;70;22443;82;68;20780;34;22369;30;22369
5889083;5976964;268;18787;84;69;22380;82;67;20716;36;22490;32;22490
5889084;5976964;272;19072;87;73;22665;89;71;21001;36;22616;32;22616
5889085;5976964;258;18083;97;85;21920;101;83;20257;37;23579;33;23579
5889086;5976964;255;17818;94;81;21655;95;79;19992;36;23338;32;23338
5889087;5976964;256;17932;95;83;21770;98;81;20106;39;23207;35;23207
5889088;5976964;254;17793;94;81;21630;95;79;19967;43;24394;39;24394
5889089;5976964;272;19045;107;99;22882;103;97;21219;44;24557;40;24557
5889090;5976964;-1;-1;-1;-1;-1;-1;-1;-1;45;24532;41;24532
5889091;5976964;272;19026;93;69;20725;91;66;20725;42;24371;38;24371
5889092;5976964;256;17937;89;66;19665;88;63;19665;38;23253;34;23253
5889093;5976964;251;17572;84;61;19300;90;58;19300;39;23121;35;23121
5889094;5976964;253;17709;84;62;19429;88;59;19429;42;23127;38;23127
5889095;5976964;255;17824;89;64;19544;88;61;19544;44;22893;40;22893
5889096;5976964;-1;-1;-1;-1;-1;-1;-1;-1;43;22953;39;22953
5889097;5976964;251;17601;102;84;19486;101;87;20752;42;23076;38;23076
5889098;5976964;251;17552;102;79;19175;100;86;20703;42;23696;38;23696
5889099;5976964;252;17622;94;73;18747;99;81;18950;43;23804;39;23804
5889100;5976964;248;17356;89;68;18400;96;76;18603;44;22171;39;22171
5889101;5976964;244;17066;89;64;18109;93;72;18312;43;21948;38;21948
5889102;5976964;243;17035;89;63;18079;93;71;18282;42;21611;38;21611
5889103;5976964;245;17141;89;65;18185;93;73;18388;42;21375;37;21375
5889104;5976964;236;16494;82;64;17443;77;57;17443;39;21498;34;21498
5889105;5976964;238;16670;78;62;17825;74;55;17825;39;21476;35;21476
5889106;5976964;235;16480;78;60;17741;74;53;17741;38;21150;33;21150
5889107;5976964;235;16415;75;55;17360;71;48;17360;39;21001;35;21001
5889108;5976964;241;16856;78;58;17578;74;51;17578;39;23186;35;23186
5889109;5976964;245;17135;78;57;18014;74;50;18014;37;22764;32;22764
5889110;5976964;247;17268;78;60;18234;74;53;18234;39;22832;35;22832
5889111;5976964;244;17095;78;63;18391;74;56;18391;36;22314;32;22314
5889112;5976964;237;16563;87;59;18804;74;51;18767;36;22117;32;22117
5889113;5976964;232;16246;87;59;18814;74;51;18778;35;21701;31;21701
5889114;5976964;230;16118;89;63;19113;74;54;19552;34;21380;30;21380
5889115;5976964;231;16156;88;71;19667;73;54;19590;35;21569;31;21569
5889116;5976964;234;16376;94;74;19886;77;58;19809;35;21759;31;21759
5889117;5976964;236;16539;98;76;20050;84;60;19973;39;22143;35;22143
5889118;5976964;247;17278;89;75;20205;91;76;24593;37;22246;33;22246
5889119;5976964;227;15902;79;64;19397;76;58;23141;34;21326;30;21326
5889120;5976964;229;16002;79;61;19169;72;55;22913;35;21541;31;21541
5889121;5976964;235;16474;79;61;18742;79;60;23255;35;21868;31;21868
5889122;5976964;238;16677;79;61;18744;81;63;19441;35;22460;31;22460
5889123;5976964;232;16241;80;68;18294;85;70;18990;39;23305;35;23305
5889124;5976964;231;16184;79;67;18236;85;70;18933;43;23669;38;23669
5889125;5976964;236;16495;82;71;18547;88;74;19244;40;24423;36;24423
5889126;5976964;248;17348;86;73;22403;84;68;20942;36;23466;32;23466
5889127;5976964;236;16511;79;68;20246;79;60;20008;36;22992;32;22992
5889128;5976964;238;16687;79;68;20292;79;61;20054;35;22782;31;22782
5889129;5976964;241;16853;83;64;20834;80;62;20631;33;22560;29;22560
5889130;5976964;240;16827;81;61;20618;77;59;20415;33;22346;29;22346
5889131;5976964;243;17042;84;64;20852;80;62;20649;36;22668;32;22668
5889132;5976964;247;17287;87;68;21097;87;66;20894;36;23210;32;23210
5889133;5976964;223;15631;84;64;20761;86;76;21637;32;22599;28;22599
5889134;5976964;219;15354;79;60;20490;85;72;21366;33;22450;29;22450
5889135;5976964;221;15494;79;60;20514;85;73;21390;35;22716;31;22716
5889136;5976964;220;15383;85;65;21571;86;77;22447;35;22973;31;22973
5889137;5976964;219;15323;83;64;21511;87;77;22387;33;22924;29;22924
5889138;5976964;223;15618;87;68;21806;89;81;22682;35;23359;30;23359
5889139;5976964;216;15131;80;71;22606;84;72;26237;33;23475;28;23475
5889140;5976964;219;15305;80;70;22567;84;72;26221;36;24156;31;21491
5889141;5976964;217;15157;82;68;22420;85;76;25678;35;23993;30;21242
5889142;5976964;221;15486;77;68;23250;85;71;20520;34;21225;29;21196
5889143;5976964;221;15498;76;65;23022;85;75;27930;34;24588;29;21837
5889144;5976964;225;15756;84;68;23280;85;80;28800;41;21861;35;21832
5889145;5976964;223;15632;84;73;23608;82;75;23585;44;25507;39;22757
5889146;5976964;226;15828;79;72;26694;80;71;27626;45;27681;39;25384
5889147;5976964;228;15964;75;66;26369;74;68;27389;38;27097;33;24800
5889148;5976964;230;16093;72;63;25812;74;65;25813;38;24336;33;24336
5889149;5976964;232;16222;69;60;25590;71;61;25460;36;23935;30;23935
5889150;5976964;234;16395;66;58;25426;68;59;25296;34;23687;30;23687
5889151;5976964;235;16478;64;56;25322;66;57;25193;32;23256;28;23256
5889152;5976964;236;16491;69;59;25551;70;60;24946;31;22988;27;22988
5889153;5976964;236;16554;72;59;24779;67;55;24776;33;22823;29;22823
5889154;5976964;239;16738;74;59;24774;67;55;24771;30;22402;26;22402
5889155;5976964;245;17178;77;63;25057;72;62;25057;33;23701;29;23133
5889156;5976964;244;17064;76;63;24517;72;62;24517;34;24417;29;23381
5889157;5976964;246;17202;78;66;24755;73;62;24752;36;24782;31;23747
5889158;5976964;250;17512;96;87;25425;95;86;25422;35;24194;30;24194
5889159;5976964;252;17627;97;89;25540;95;89;25617;39;24636;34;24636
5889160;5976964;257;17967;96;92;31174;98;90;29625;37;25152;32;25152
5889161;5976964;254;17804;95;89;31010;97;87;29461;39;26036;34;26036
5889162;5976964;255;17881;86;82;30397;91;78;28845;41;27976;35;27976
5889163;5976964;256;17903;84;78;30209;88;76;28660;41;27959;35;27959
5889164;5976964;261;18278;84;77;30331;85;77;29033;42;28084;36;28084
5889165;5976964;263;18381;85;78;28984;89;77;29060;42;28518;36;28518
5889166;5976964;265;18547;83;79;28778;90;81;28774;44;28851;38;28851
5889167;5976964;269;18850;82;75;28527;85;77;28524;43;30158;37;30158
5889168;5976964;274;19148;83;78;28744;90;80;28740;47;30541;41;30541
5889169;5976964;276;19319;90;84;26178;99;84;23615;45;29807;39;29807
5889170;5976964;277;19425;87;81;25908;94;80;23348;44;29759;38;29759
5889171;5976964;281;19655;87;79;25756;89;78;23196;45;29939;39;29939
5889172;5976964;285;19931;82;74;25440;85;74;22880;39;24642;34;24642
5889173;5976964;297;20794;77;67;25678;82;72;25678;41;25651;35;25651
5889174;5976964;290;20278;73;63;25391;74;64;22238;39;25387;34;25387
5889175;5976964;294;20545;75;67;25682;75;61;21972;39;25698;33;26267
5889176;5976964;295;20673;75;65;25053;76;58;23093;35;24830;30;24830
5889177;5976964;299;20965;75;67;25215;76;59;23107;35;24948;30;24948
5889178;5976964;301;21071;75;68;25024;76;60;23225;33;24690;29;24690
5889179;5976964;305;21346;74;63;23937;75;56;22928;35;25268;31;25268
5889180;5976964;308;21577;77;68;26348;77;61;23262;40;25598;35;25598
5889181;5976964;312;21845;75;66;26216;76;65;26219;43;25816;39;27246
5889182;5976964;314;21972;74;64;26300;76;63;26304;41;26562;35;27286
5889183;5976964;318;22261;75;67;26690;79;66;26694;44;29481;38;29481
5889184;5976964;319;22320;78;67;27164;74;66;27168;42;29110;36;29110
5889185;5976964;321;22448;78;69;27492;74;68;27495;42;28624;36;28624
5889186;5976964;326;22834;78;65;26879;75;66;26879;40;28580;35;28580
5889187;5976964;329;23000;73;66;26424;71;63;26421;40;28798;34;28838
5889188;5976964;333;23294;73;67;26262;70;64;26259;40;29390;34;29390
5889189;5976964;336;23543;69;64;26083;69;64;26014;40;29165;35;29165
5889190;5976964;339;23727;67;60;25696;67;62;25683;40;29198;35;29394
5889191;5976964;341;23881;66;61;25637;66;61;25739;40;29261;34;29261
5889192;5976964;342;23927;66;63;25771;67;65;25768;43;30228;38;30222
5889193;5976964;345;24175;72;67;26016;73;66;26121;43;30321;37;30376
5889194;5976964;349;24445;77;71;26285;77;71;26488;46;30478;40;30477
5889195;5976964;352;24639;77;72;28004;77;74;28000;48;31436;42;31436
5889196;5976964;354;24784;82;71;27959;80;73;27955;40;30375;34;30382
5889197;5976964;359;25122;77;62;27453;80;66;27450;41;30671;35;30678
5889198;5976964;362;25362;77;62;27452;81;66;27449;43;32112;37;32112
5889199;5976964;368;25774;77;59;27257;79;63;27254;42;31881;36;31881
5889200;5976964;369;25837;70;57;26690;78;59;26687;41;31512;35;31512
5889201;5976964;371;25984;69;58;26742;77;60;26739;41;31519;36;31519
5889202;5976964;378;26453;74;65;27509;78;66;27506;44;31836;39;31836
5889203;5976964;381;26692;78;69;27748;79;70;27745;44;32627;38;32627
5889204;5976964;387;27074;73;68;31748;74;63;27917;44;32640;38;32640
5889205;5976964;388;27142;72;65;27864;76;62;27863;43;32358;37;32358
5889206;5976964;390;27296;68;61;27609;72;58;27608;44;32641;38;32641
5889207;5976964;394;27568;67;59;27814;71;62;27886;46;33142;39;33142
5889208;5976964;398;27836;69;62;28260;74;66;28384;46;33390;40;33390
5889209;5976964;398;27842;68;63;28614;75;67;28738;47;33524;41;33524
5889210;5976964;402;28110;69;64;28673;75;68;28797;49;33957;43;33957
5889211;5976964;407;28517;80;73;29337;85;76;32659;49;34236;42;34236
5889212;5976964;422;29554;91;79;30826;95;82;30835;55;34658;48;34658
5889213;5976964;418;29287;87;77;31340;92;80;31350;50;35648;43;36081
5889214;5976964;425;29752;92;80;31526;97;83;31536;51;35821;44;36254
5889215;5976964;433;30337;97;85;31896;101;88;31906;51;36265;44;36699
5889216;5976964;438;30668;100;84;33282;102;93;32238;53;36804;46;37238
5889217;5976964;441;30864;99;79;32940;102;91;34824;51;36734;44;37167
5889218;5976964;443;31020;99;80;33022;102;92;34906;53;37116;46;37549
5889219;5976964;453;31722;116;90;33724;105;102;35608;53;37733;47;38167
5889220;5976964;453;31743;116;90;33745;105;102;35628;57;37836;50;38269
5889221;5976964;457;31987;126;100;34113;-1;-1;-1;56;38188;49;38622
5889222;5976964;469;32796;132;103;35441;-1;-1;-1;56;38875;49;39308
5889223;5976964;470;32913;114;84;34450;102;96;36334;57;38967;50;39401
5889224;5976964;501;35071;106;84;34478;100;86;34308;56;39025;49;39458
5889225;5976964;498;34866;103;81;34272;100;83;34103;48;38801;42;38801
5889226;5976964;491;34374;99;77;33775;95;76;33611;48;38362;41;38362
5889227;5976964;489;34237;99;82;34083;95;80;33914;47;38131;41;38131
5889228;5976964;492;34424;99;81;34270;97;83;34101;50;38345;43;38345
5889229;5976964;496;34705;105;85;34552;96;87;34382;52;38981;46;38981
5889230;5976964;494;34592;115;103;34022;-1;-1;-1;49;38367;43;38367
5889231;5976964;492;34445;114;101;33876;-1;-1;-1;48;38385;42;38385
5889232;5976964;495;34682;117;107;36049;-1;-1;-1;52;38819;46;38819
5889233;5976964;500;35020;123;112;36387;-1;-1;-1;58;41052;51;41052
5889234;5976964;502;35108;121;109;34902;106;103;34900;55;40841;48;40841
5889235;5976964;502;35150;117;106;36617;106;105;41621;54;41468;47;41468
5889236;5976964;501;35087;116;102;36380;106;101;41384;55;41178;48;41178
5889237;5976964;508;35572;121;102;36601;106;104;41605;56;41633;49;41633
5889238;5976964;511;35748;123;105;36778;-1;-1;-1;57;42666;50;42666
5890919;5976964;299;20896;84;73;24592;82;71;22929;40;24387;35;24387
5890920;5976964;296;20686;83;69;22587;82;71;22934;42;24413;37;24413
5890921;5976964;301;21068;84;73;24588;82;71;22924;43;24358;39;24358
5890922;5976964;304;21273;87;77;24876;87;75;23212;36;22123;32;22123
5890923;5976964;280;19566;78;62;23228;74;60;21564;34;21949;30;21949
5890924;5976964;277;19368;74;58;22985;74;56;21322;34;22225;30;22225
5890925;5976964;275;19228;74;56;22849;69;54;21186;35;22450;30;22450
5890926;5976964;278;19480;78;60;23101;76;58;21438;37;23055;33;23055
5890927;5976964;282;19722;79;63;23343;77;61;21680;38;22979;34;22979
5890928;5976964;266;18618;81;67;22210;81;65;20547;33;22046;30;22046
5890929;5976964;264;18475;79;65;22067;79;63;20404;37;22085;33;22085
5890930;5976964;266;18628;81;67;22221;83;65;20558;34;21561;31;21561
5890931;5976964;258;18058;95;85;21896;98;83;20232;37;23573;33;23573
5890932;5976964;256;17892;94;82;21729;97;80;20066;36;23247;32;23247
5890933;5976964;249;17401;87;75;21238;95;73;19575;36;22938;32;22938
5890934;5976964;249;17399;87;75;21236;95;73;19573;38;22784;34;22784
5890935;5976964;249;17451;89;76;21288;95;74;19625;41;22833;37;22833
5890936;5976964;-1;-1;-1;-1;-1;-1;-1;-1;40;22487;36;22487
5890937;5976964;261;18297;93;71;20026;91;68;20026;37;22430;33;22430
5890938;5976964;257;17970;89;66;19699;88;63;19699;38;23342;34;23342
5890939;5976964;252;17658;84;62;19387;90;59;19387;38;23131;34;23131
5890940;5976964;249;17430;84;58;19150;91;55;19150;41;22987;37;22987
5890941;5976964;252;17669;84;62;19389;88;59;19389;41;22614;37;22614
5890942;5976964;244;17076;91;76;19779;96;73;19779;40;22693;36;22693
5890943;5976964;247;17317;99;86;20468;99;83;20468;40;22923;36;22923
5890944;5976964;245;17142;95;83;20292;98;80;20292;38;23175;34;23175
5890945;5976964;250;17474;98;77;18998;100;85;20625;40;23637;36;23637
5890946;5976964;254;17746;95;74;18790;99;81;18993;41;21970;36;21970
5890947;5976964;241;16852;89;64;18109;93;72;18312;40;21740;35;21740
5890948;5976964;240;16766;87;60;17810;87;63;17810;39;21378;34;21378
5890949;5976964;237;16574;85;67;17618;84;60;17618;40;21220;35;21220
5890950;5976964;233;16294;78;62;17243;74;55;17243;39;20973;35;20973
5890951;5976964;231;16156;78;58;16980;74;51;16980;38;20673;33;20673
5890952;5976964;230;16072;75;56;16823;71;49;16823;37;20430;33;20430
5890953;5976964;233;16329;78;60;17704;74;53;17704;41;20984;36;20984
5890954;5976964;257;17958;89;60;18923;87;63;18923;38;23100;34;23100
5890955;5976964;252;17666;82;66;18631;80;59;18631;37;23096;33;23096
5890956;5976964;254;17766;85;68;18731;84;61;18731;38;23242;34;23242
5890957;5976964;258;18034;89;61;19000;87;64;19000;37;22379;33;22379
5890958;5976964;238;16640;89;63;19104;74;55;19068;39;22368;35;22368
5890959;5976964;233;16312;89;64;19187;77;57;19746;36;21774;32;21774
5890960;5976964;226;15832;89;67;19362;74;50;19285;35;21383;31;21383
5890961;5976964;229;15997;89;69;19508;74;52;19431;36;21546;31;21546
5890962;5976964;235;16417;95;75;19928;80;58;19851;37;21501;33;21501
5890963;5976964;238;16687;98;78;20198;87;62;20121;38;22048;34;22048
5890964;5976964;224;15665;89;72;19985;79;59;22790;33;20994;29;20994
5890965;5976964;223;15610;79;67;19608;72;54;22424;36;21229;32;21229
5890966;5976964;226;15846;85;70;19844;76;57;22660;37;21614;33;21614
5890967;5976964;236;16496;79;63;20004;85;65;19578;34;21885;30;21885
5890968;5976964;235;16453;79;61;19870;81;63;19444;36;22293;31;22293
5890969;5976964;235;16466;80;71;18518;88;74;19215;40;23552;36;23552
5890970;5976964;229;16036;79;65;18088;85;67;18785;37;21805;33;21805
5890971;5976964;234;16395;80;70;18447;86;73;19144;35;21748;31;21748
5890972;5976964;235;16448;83;68;19190;81;63;20211;34;23029;31;23029
5890973;5976964;233;16289;79;68;20241;79;60;20003;35;22964;31;22964
5890974;5976964;234;16388;73;62;19463;79;59;19922;33;22446;29;22446
5890975;5976964;235;16456;77;63;19508;79;60;19597;34;22556;30;22556
5890976;5976964;236;16538;79;60;19307;80;61;20564;33;22124;29;22124
5890977;5976964;239;16761;83;63;19531;83;66;20896;34;22584;30;22584
5890978;5976964;228;15958;87;66;20910;85;72;20894;34;23042;29;23042
5890979;5976964;224;15646;84;63;20723;85;75;21059;33;22763;29;22763
5890980;5976964;222;15542;79;60;20468;85;72;21343;32;22075;28;22075
5890981;5976964;214;14972;83;63;20682;84;75;21558;35;23485;31;23485
